0 , 6 : 69
0 , 32 : 166
0 , 39 : 73, 78
0 , 53 : 106, 167
0 , 76 : 55, 124
0 , 113 : 72, 4
0 , 175 : 92
0 , 195 : 160
1 , 13 : 63
1 , 14 : 71
1 , 58 : 192
1 , 60 : 171
1 , 70 : 178
1 , 118 : 91, 166
1 , 120 : 83, 82
1 , 127 : 45
1 , 136 : 19, 166
1 , 140 : 20
1 , 170 : 8
2 , 93 : 185, 87
2 , 101 : 8
2 , 107 : 192
2 , 130 : 97, 151
2 , 134 : 42, 5
2 , 149 : 133, 95
2 , 152 : 12, 33
2 , 154 : 102, 99
2 , 163 : 70, 73
2 , 198 : 191
3 , 11 : 133
3 , 27 : 166, 121
3 , 62 : 93
3 , 77 : 41
3 , 95 : 79
3 , 113 : 130
3 , 114 : 122
3 , 120 : 58
3 , 146 : 60, 99
4 , 8 : 195
4 , 12 : 22
4 , 28 : 140, 120
4 , 60 : 181, 0
4 , 61 : 58
4 , 87 : 165
4 , 115 : 84, 7
4 , 118 : 68
4 , 160 : 166, 129
4 , 163 : 124, 153
4 , 168 : 12
4 , 177 : 194, 170
4 , 198 : 131, 27
5 , 1 : 91
5 , 49 : 28, 195
5 , 51 : 128
5 , 82 : 135, 54
5 , 92 : 90, 159
5 , 103 : 180, 36
5 , 122 : 185
5 , 153 : 181
5 , 163 : 123
5 , 165 : 4
5 , 182 : 33
5 , 191 : 11
6 , 53 : 151, 116
6 , 131 : 162
6 , 167 : 42
6 , 178 : 32, 115
6 , 183 : 11, 92
6 , 191 : 35
7 , 25 : 6
7 , 40 : 147, 74
7 , 65 : 130
7 , 78 : 152
7 , 103 : 132
7 , 105 : 94
7 , 130 : 198
7 , 146 : 44
7 , 156 : 106, 68
7 , 168 : 35
7 , 179 : 32
8 , 12 : 48, 3
8 , 19 : 157, 42
8 , 28 : 11, 35
8 , 34 : 133
8 , 55 : 110, 86
8 , 60 : 43, 53
8 , 81 : 3, 140
8 , 96 : 67
8 , 167 : 84, 27
8 , 174 : 53, 120
8 , 186 : 37
8 , 190 : 90, 154
9 , 5 : 71, 56
9 , 26 : 110
9 , 28 : 103
9 , 52 : 64, 174
9 , 64 : 2
9 , 85 : 11, 184
9 , 112 : 1
9 , 140 : 55
9 , 148 : 173, 47
9 , 152 : 137, 69
9 , 156 : 34, 17
10 , 31 : 149, 101
10 , 45 : 129
10 , 54 : 162, 180
10 , 61 : 120
10 , 69 : 162
10 , 100 : 2
10 , 118 : 150
10 , 132 : 196, 115
10 , 141 : 122, 33
10 , 162 : 36, 166
10 , 166 : 113
10 , 172 : 106, 151
10 , 199 : 192, 181
11 , 21 : 112, 16
11 , 71 : 169
11 , 82 : 146
11 , 99 : 49
11 , 101 : 70
11 , 125 : 106
11 , 139 : 196, 12
11 , 152 : 0
11 , 177 : 53
11 , 178 : 163
11 , 186 : 179, 114
11 , 192 : 125
11 , 199 : 127
12 , 18 : 87
12 , 22 : 96
12 , 24 : 105
12 , 30 : 103
12 , 37 : 57
12 , 50 : 15, 0
12 , 67 : 104
12 , 69 : 177
12 , 74 : 15, 199
12 , 81 : 160, 92
12 , 98 : 38, 114
12 , 108 : 61, 153
12 , 165 : 82
12 , 180 : 2, 87
13 , 11 : 88
13 , 20 : 193
13 , 36 : 95
13 , 45 : 41, 115
13 , 61 : 198, 141
13 , 106 : 58, 187
13 , 133 : 92
13 , 134 : 189, 146
13 , 153 : 48
13 , 161 : 112, 152
13 , 172 : 10, 100
13 , 199 : 60, 97
14 , 8 : 31, 80
14 , 37 : 32, 175
14 , 43 : 28
14 , 54 : 136, 42
14 , 62 : 28
14 , 99 : 29, 85
14 , 114 : 41, 98
14 , 121 : 143
14 , 139 : 71
14 , 143 : 186, 120
14 , 154 : 127, 0
14 , 170 : 54, 43
15 , 31 : 151
15 , 35 : 104
15 , 45 : 9, 141
15 , 51 : 165, 59
15 , 69 : 85, 63
15 , 79 : 76, 161
15 , 86 : 77, 133
15 , 96 : 113, 59
15 , 102 : 71, 194
15 , 149 : 178, 59
15 , 180 : 136, 171
16 , 5 : 81, 168
16 , 9 : 183
16 , 73 : 72
16 , 87 : 134, 174
16 , 92 : 107
16 , 104 : 94
16 , 132 : 130
16 , 146 : 37, 108
16 , 175 : 153, 74
16 , 193 : 92
16 , 198 : 37
17 , 15 : 160, 91
17 , 41 : 80
17 , 44 : 147, 168
17 , 55 : 177
17 , 59 : 97
17 , 74 : 184
17 , 75 : 27
17 , 121 : 27, 109
17 , 147 : 25, 135
17 , 180 : 187, 189
17 , 189 : 126, 35
18 , 33 : 4
18 , 37 : 65
18 , 94 : 127
18 , 103 : 153, 85
18 , 118 : 114, 128
18 , 135 : 88
18 , 142 : 143, 127
18 , 147 : 140
18 , 150 : 73, 35
18 , 175 : 31, 110
18 , 181 : 27, 157
18 , 186 : 165, 3
19 , 36 : 140
19 , 71 : 192
19 , 73 : 150
19 , 74 : 17, 103
19 , 75 : 121, 196
19 , 77 : 153, 37
19 , 83 : 138
19 , 108 : 25, 33
19 , 109 : 49
19 , 123 : 190, 100
19 , 126 : 145
19 , 132 : 177
19 , 184 : 151, 46
20 , 53 : 61
20 , 82 : 123, 46
20 , 97 : 42
20 , 103 : 116, 102
20 , 122 : 156, 13
20 , 123 : 102
20 , 151 : 187
20 , 187 : 188, 108
21 , 10 : 87, 90
21 , 23 : 27
21 , 35 : 108, 97
21 , 43 : 120, 153
21 , 88 : 15
21 , 103 : 70, 154
21 , 123 : 35
21 , 126 : 98, 121
21 , 134 : 42, 19
21 , 145 : 148, 149
21 , 153 : 145
21 , 157 : 113, 85
21 , 160 : 40, 126
21 , 181 : 151
21 , 197 : 113, 19
22 , 11 : 73, 145
22 , 12 : 147, 69
22 , 33 : 182
22 , 54 : 76, 98
22 , 56 : 13
22 , 59 : 109
22 , 87 : 160, 53
22 , 88 : 128
22 , 90 : 139
22 , 96 : 74
22 , 112 : 176, 70
23 , 15 : 36
23 , 36 : 120, 90
23 , 55 : 49, 47
23 , 59 : 151, 117
23 , 63 : 54
23 , 91 : 22
23 , 110 : 196
23 , 111 : 148, 167
23 , 113 : 32, 109
23 , 138 : 154
23 , 198 : 84, 164
24 , 27 : 119, 185
24 , 48 : 195, 28
24 , 60 : 122, 196
24 , 61 : 153
24 , 69 : 112
24 , 151 : 155, 48
24 , 153 : 140
24 , 154 : 104, 31
24 , 157 : 66
24 , 165 : 143, 179
24 , 176 : 1
24 , 182 : 183
24 , 199 : 68
25 , 2 : 153, 36
25 , 37 : 8
25 , 41 : 108, 7
25 , 50 : 170
25 , 121 : 165
25 , 123 : 157, 146
25 , 137 : 139, 78
25 , 158 : 57, 99
25 , 176 : 157, 13
25 , 177 : 31
25 , 190 : 80, 125
25 , 194 : 190
26 , 24 : 38
26 , 33 : 3
26 , 53 : 48, 106
26 , 54 : 86, 123
26 , 59 : 39
26 , 80 : 108
26 , 112 : 173
26 , 126 : 5
26 , 138 : 53
26 , 148 : 118, 40
26 , 179 : 161
26 , 194 : 64, 63
26 , 195 : 99
27 , 28 : 0, 152
27 , 76 : 14
27 , 110 : 60
27 , 127 : 32, 28
27 , 135 : 128
27 , 141 : 8
27 , 167 : 143
27 , 189 : 9
27 , 192 : 104, 34
28 , 19 : 178
28 , 79 : 173
28 , 107 : 20, 32
28 , 112 : 180
28 , 132 : 113
28 , 139 : 118
28 , 145 : 83, 181
28 , 153 : 79
28 , 166 : 90, 45
28 , 171 : 57, 136
28 , 198 : 88
29 , 14 : 93
29 , 16 : 59
29 , 25 : 79, 67
29 , 34 : 152, 185
29 , 45 : 129
29 , 65 : 139, 175
29 , 67 : 184
29 , 90 : 16
29 , 111 : 3
29 , 168 : 143
29 , 173 : 131, 179
29 , 174 : 52, 6
29 , 191 : 121, 99
30 , 32 : 194, 139
30 , 34 : 48
30 , 77 : 186, 7
30 , 85 : 118
30 , 89 : 191
30 , 131 : 114, 44
30 , 159 : 147, 65
30 , 190 : 79
30 , 199 : 4, 127
31 , 10 : 141, 154
31 , 35 : 98, 66
31 , 53 : 126, 35
31 , 55 : 193
31 , 58 : 61, 190
31 , 64 : 46, 129
31 , 66 : 123
31 , 91 : 73
31 , 100 : 187
31 , 125 : 143, 172
31 , 150 : 131
32 , 31 : 70
32 , 56 : 114, 101
32 , 68 : 113
32 , 77 : 86
32 , 81 : 119
32 , 127 : 175, 165
32 , 150 : 85
32 , 166 : 175
32 , 181 : 34
32 , 184 : 132
32 , 190 : 158
33 , 21 : 47
33 , 57 : 24
33 , 66 : 133, 186
33 , 76 : 17
33 , 92 : 139
33 , 97 : 56
33 , 147 : 105, 109
33 , 169 : 115, 60
33 , 175 : 22
33 , 196 : 127
33 , 198 : 183
34 , 22 : 184, 43
34 , 30 : 77, 106
34 , 72 : 81
34 , 81 : 160
34 , 105 : 118, 54
34 , 118 : 28
34 , 122 : 128
34 , 163 : 94, 0
34 , 178 : 162, 111
35 , 10 : 92, 121
35 , 26 : 140, 95
35 , 48 : 51
35 , 72 : 18
35 , 96 : 119
35 , 98 : 7
35 , 106 : 78
35 , 120 : 15, 50
35 , 150 : 194, 100
35 , 177 : 180
36 , 1 : 159
36 , 33 : 118, 126
36 , 57 : 116, 103
36 , 86 : 182
36 , 87 : 52, 108
36 , 90 : 183, 198
36 , 129 : 25, 167
36 , 130 : 60, 142
36 , 179 : 194
36 , 192 : 142
36 , 196 : 26, 58
37 , 4 : 153
37 , 62 : 29
37 , 89 : 92
37 , 93 : 176
37 , 107 : 10, 40
37 , 115 : 109, 156
37 , 125 : 119, 71
37 , 142 : 173, 186
37 , 158 : 62
37 , 162 : 48
37 , 174 : 111
37 , 190 : 45
37 , 198 : 33, 150
38 , 1 : 148
38 , 83 : 145, 109
38 , 109 : 161, 128
38 , 164 : 81, 50
38 , 166 : 22, 11
38 , 169 : 40
38 , 174 : 192, 68
39 , 1 : 74
39 , 6 : 147
39 , 8 : 96
39 , 34 : 79
39 , 40 : 23
39 , 42 : 94, 72
39 , 63 : 180
39 , 68 : 29
39 , 97 : 196
39 , 103 : 76
39 , 106 : 66
39 , 130 : 54, 122
39 , 135 : 139
39 , 156 : 190
39 , 198 : 5
40 , 1 : 198
40 , 16 : 164
40 , 64 : 105, 54
40 , 108 : 165, 31
40 , 134 : 21, 112
40 , 148 : 74
40 , 159 : 96
40 , 161 : 159, 129
40 , 165 : 112, 55
40 , 181 : 47
40 , 189 : 173
41 , 23 : 71
41 , 39 : 140
41 , 44 : 51, 101
41 , 51 : 144, 145
41 , 66 : 82
41 , 73 : 129
41 , 77 : 154
41 , 80 : 108, 138
41 , 85 : 158, 138
41 , 99 : 155, 183
41 , 193 : 141
42 , 12 : 31, 106
42 , 43 : 77, 85
42 , 56 : 66, 179
42 , 66 : 43
42 , 78 : 86, 82
42 , 147 : 159, 38
42 , 192 : 94, 153
42 , 194 : 125, 66
43 , 33 : 149, 102
43 , 35 : 124
43 , 36 : 122
43 , 40 : 192
43 , 115 : 105
43 , 116 : 122, 132
43 , 124 : 119, 90
43 , 152 : 36
43 , 158 : 36
43 , 167 : 70
43 , 187 : 75, 88
44 , 8 : 83, 197
44 , 15 : 106
44 , 61 : 175
44 , 108 : 165, 6
44 , 112 : 169
44 , 116 : 111, 12
44 , 125 : 148
44 , 126 : 32
44 , 132 : 174
44 , 168 : 28, 4
44 , 188 : 157, 198
44 , 191 : 100
44 , 196 : 175
45 , 0 : 85
45 , 39 : 187, 130
45 , 85 : 133, 160
45 , 116 : 184
45 , 120 : 115, 71
45 , 121 : 118
45 , 122 : 72
45 , 134 : 17, 88
45 , 145 : 70
45 , 161 : 70
45 , 171 : 138, 0
45 , 197 : 145
46 , 8 : 95
46 , 30 : 165, 185
46 , 54 : 66
46 , 59 : 145
46 , 79 : 63
46 , 82 : 11
46 , 92 : 105
46 , 105 : 15
46 , 128 : 30, 17
46 , 135 : 3, 140
46 , 147 : 183, 161
46 , 179 : 48, 174
47 , 8 : 18, 171
47 , 17 : 102, 179
47 , 54 : 177, 128
47 , 59 : 158
47 , 75 : 36
47 , 82 : 39
47 , 88 : 16
47 , 99 : 133, 6
47 , 108 : 170
47 , 147 : 116, 150
47 , 186 : 133, 53
47 , 195 : 113, 71
48 , 7 : 128
48 , 49 : 61
48 , 78 : 64, 29
48 , 82 : 32
48 , 118 : 34, 187
48 , 155 : 7, 199
48 , 160 : 83, 18
48 , 161 : 63, 43
48 , 184 : 55, 62
49 , 9 : 185
49 , 16 : 34, 4
49 , 38 : 22, 107
49 , 43 : 35, 143
49 , 47 : 192, 31
49 , 62 : 137
49 , 69 : 97
49 , 70 : 48, 2
49 , 97 : 171, 192
49 , 107 : 179
49 , 134 : 145
49 , 138 : 34, 85
49 , 199 : 2, 23
50 , 6 : 19, 132
50 , 11 : 88
50 , 14 : 7, 178
50 , 44 : 109
50 , 58 : 4, 107
50 , 71 : 59
50 , 72 : 132, 182
50 , 168 : 163, 152
50 , 177 : 10
50 , 190 : 38
51 , 10 : 1
51 , 33 : 3
51 , 38 : 141
51 , 42 : 60
51 , 57 : 185
51 , 70 : 78
51 , 89 : 131
51 , 124 : 62, 78
51 , 164 : 161, 111
51 , 166 : 98
51 , 168 : 156, 93
51 , 179 : 100, 130
52 , 14 : 153
52 , 23 : 197
52 , 37 : 117
52 , 92 : 56, 108
52 , 169 : 162, 186
52 , 175 : 26, 103
52 , 184 : 103, 4
53 , 0 : 174, 38
53 , 13 : 190
53 , 45 : 46, 8
53 , 63 : 197, 94
53 , 71 : 150
53 , 86 : 186, 142
53 , 95 : 123, 104
53 , 97 : 39
53 , 113 : 101
53 , 117 : 145, 43
53 , 185 : 116, 103
54 , 16 : 89
54 , 22 : 4
54 , 33 : 84, 162
54 , 51 : 73
54 , 56 : 104, 160
54 , 76 : 49, 84
54 , 84 : 178, 64
54 , 133 : 64, 103
54 , 141 : 181
54 , 149 : 125
54 , 173 : 186
54 , 180 : 13, 33
54 , 189 : 183
55 , 1 : 191
55 , 3 : 83, 122
55 , 19 : 82
55 , 34 : 101, 76
55 , 42 : 63, 95
55 , 63 : 13
55 , 75 : 67
55 , 88 : 54, 124
55 , 105 : 97, 15
55 , 118 : 59
55 , 132 : 182, 192
55 , 168 : 172
56 , 1 : 195, 125
56 , 4 : 7
56 , 19 : 138
56 , 27 : 40, 162
56 , 30 : 107
56 , 41 : 60, 37
56 , 87 : 177, 101
56 , 94 : 112
56 , 123 : 28, 35
56 , 143 : 7
56 , 163 : 178
56 , 171 : 55, 29
56 , 176 : 94
57 , 43 : 126
57 , 66 : 75
57 , 68 : 112, 189
57 , 86 : 38
57 , 88 : 182
57 , 90 : 19, 126
57 , 92 : 61
57 , 96 : 140
57 , 160 : 125
57 , 170 : 83
57 , 180 : 147, 192
58 , 5 : 131
58 , 28 : 59
58 , 40 : 65, 12
58 , 47 : 111
58 , 64 : 39, 9
58 , 66 : 52
58 , 96 : 82, 118
58 , 97 : 77
58 , 158 : 68, 101
58 , 160 : 62
58 , 180 : 192, 127
58 , 182 : 153, 105
58 , 194 : 173
59 , 7 : 14
59 , 56 : 129
59 , 60 : 189
59 , 77 : 93
59 , 102 : 74
59 , 116 : 96
59 , 127 : 169
59 , 163 : 145
59 , 197 : 69, 58
60 , 15 : 190, 64
60 , 23 : 119
60 , 67 : 118
60 , 73 : 143, 53
60 , 79 : 13
60 , 93 : 120, 88
60 , 115 : 35
60 , 131 : 7, 81
60 , 173 : 84, 194
60 , 194 : 15
60 , 196 : 74, 71
61 , 7 : 113, 125
61 , 9 : 54
61 , 23 : 19, 72
61 , 68 : 39
61 , 79 : 135
61 , 84 : 63
61 , 92 : 16, 4
61 , 96 : 110, 140
61 , 118 : 12
61 , 152 : 132
61 , 163 : 57
61 , 172 : 102
62 , 14 : 79, 80
62 , 19 : 196
62 , 33 : 46, 151
62 , 41 : 173
62 , 52 : 149, 167
62 , 77 : 52
62 , 80 : 147
62 , 94 : 164
62 , 102 : 177
62 , 151 : 45
62 , 184 : 168
63 , 5 : 95, 140
63 , 19 : 48, 118
63 , 21 : 183, 4
63 , 57 : 97, 127
63 , 77 : 54, 193
63 , 141 : 120
63 , 180 : 69
63 , 187 : 57
64 , 14 : 193, 8
64 , 25 : 148, 24
64 , 54 : 21, 148
64 , 80 : 9, 61
64 , 101 : 180, 20
64 , 149 : 104, 24
64 , 173 : 164, 186
65 , 20 : 140
65 , 42 : 141, 178
65 , 95 : 68
65 , 136 : 112, 199
65 , 145 : 178
65 , 156 : 94, 109
65 , 160 : 21, 4
66 , 0 : 78, 180
66 , 3 : 193, 4
66 , 6 : 3, 26
66 , 7 : 52, 48
66 , 43 : 33
66 , 54 : 31
66 , 93 : 73
66 , 128 : 155, 103
66 , 141 : 44, 143
66 , 182 : 179, 142
66 , 199 : 187
67 , 6 : 177, 58
67 , 13 : 115, 47
67 , 20 : 144, 24
67 , 31 : 92, 106
67 , 58 : 186
67 , 85 : 131
67 , 104 : 165, 36
67 , 163 : 162
68 , 10 : 74
68 , 20 : 118
68 , 25 : 65, 124
68 , 30 : 65, 91
68 , 51 : 44
68 , 100 : 25
68 , 110 : 139, 131
68 , 112 : 121
68 , 118 : 153
68 , 121 : 54, 95
69 , 42 : 88
69 , 48 : 182
69 , 129 : 185
69 , 136 : 180, 183
69 , 150 : 101
69 , 164 : 170
69 , 185 : 96
69 , 199 : 89, 94
70 , 14 : 9
70 , 15 : 120, 52
70 , 47 : 165, 114
70 , 68 : 4, 16
70 , 98 : 28, 167
70 , 102 : 96
70 , 112 : 50, 170
70 , 137 : 22
70 , 139 : 187, 58
70 , 175 : 113, 196
70 , 198 : 168
71 , 16 : 28, 12
71 , 42 : 39
71 , 60 : 185, 110
71 , 70 : 56
71 , 90 : 36, 141
71 , 117 : 9, 87
71 , 136 : 10, 76
71 , 137 : 9, 195
71 , 144 : 2, 63
71 , 152 : 24
71 , 182 : 159
71 , 184 : 199, 107
72 , 25 : 188, 61
72 , 53 : 126, 109
72 , 104 : 179, 139
72 , 121 : 65, 147
72 , 137 : 199, 157
72 , 166 : 127
72 , 173 : 160, 108
72 , 176 : 31
72 , 178 : 92
72 , 185 : 113, 25
73 , 6 : 127, 24
73 , 35 : 13
73 , 48 : 80
73 , 84 : 156, 125
73 , 97 : 66, 121
73 , 101 : 128
73 , 115 : 50, 88
73 , 116 : 65
73 , 123 : 5, 63
73 , 139 : 94, 33
73 , 180 : 185, 117
74 , 8 : 67, 196
74 , 34 : 158, 59
74 , 48 : 196
74 , 65 : 139
74 , 78 : 31, 94
74 , 90 : 12, 107
74 , 104 : 36
74 , 114 : 178
74 , 120 : 19
74 , 127 : 98, 33
74 , 161 : 48, 166
75 , 8 : 161, 46
75 , 15 : 12, 103
75 , 27 : 84, 21
75 , 57 : 41, 25
75 , 76 : 115
75 , 102 : 154, 65
75 , 124 : 128
75 , 129 : 37, 177
75 , 181 : 46, 61
75 , 195 : 54
76 , 64 : 29, 136
76 , 69 : 147, 92
76 , 105 : 27
76 , 122 : 54
76 , 127 : 42
76 , 136 : 42, 83
76 , 153 : 79, 87
76 , 159 : 5, 95
77 , 13 : 83, 134
77 , 24 : 49
77 , 26 : 17
77 , 36 : 166
77 , 54 : 118
77 , 108 : 119, 135
77 , 122 : 132, 79
77 , 179 : 70, 69
78 , 27 : 53, 120
78 , 32 : 180
78 , 39 : 196, 144
78 , 46 : 17
78 , 55 : 45
78 , 95 : 7
78 , 104 : 47
78 , 107 : 23, 173
78 , 109 : 67
78 , 118 : 162, 35
78 , 141 : 102
78 , 183 : 192, 39
79 , 7 : 32
79 , 27 : 173
79 , 35 : 88, 1
79 , 44 : 25
79 , 45 : 10, 64
79 , 90 : 3
79 , 113 : 89, 105
79 , 141 : 72
79 , 147 : 119
79 , 152 : 140
79 , 186 : 105
80 , 5 : 75, 39
80 , 30 : 69
80 , 49 : 187, 122
80 , 67 : 7, 159
80 , 70 : 176, 166
80 , 145 : 87, 42
80 , 163 : 59, 35
80 , 164 : 7
80 , 170 : 67, 43
80 , 187 : 57
81 , 31 : 180, 32
81 , 38 : 73
81 , 46 : 116
81 , 48 : 185
81 , 64 : 49
81 , 72 : 60
81 , 77 : 187, 15
81 , 89 : 44
81 , 100 : 10, 66
81 , 104 : 85
81 , 118 : 187
81 , 122 : 30
81 , 145 : 6, 105
81 , 150 : 194
81 , 168 : 186
82 , 6 : 134, 163
82 , 19 : 73
82 , 40 : 188, 85
82 , 85 : 24, 129
82 , 129 : 107, 192
82 , 135 : 137, 123
82 , 138 : 159
82 , 156 : 142, 95
82 , 177 : 117, 51
82 , 188 : 7, 61
82 , 192 : 50, 125
82 , 196 : 192
83 , 34 : 5
83 , 50 : 115, 36
83 , 151 : 3, 74
83 , 161 : 136
83 , 171 : 164
83 , 187 : 17
83 , 192 : 131
83 , 195 : 87, 154
83 , 196 : 71
84 , 47 : 155, 59
84 , 52 : 7
84 , 56 : 45
84 , 74 : 99
84 , 86 : 43, 117
84 , 90 : 152, 4
84 , 98 : 153, 160
84 , 107 : 48
84 , 108 : 37
84 , 116 : 82
84 , 119 : 100, 76
84 , 149 : 13
84 , 154 : 42, 100
84 , 181 : 89, 154
85 , 2 : 8, 91
85 , 8 : 80
85 , 14 : 53
85 , 32 : 60
85 , 54 : 47
85 , 62 : 43, 40
85 , 79 : 107, 65
85 , 126 : 153, 111
85 , 142 : 100, 86
85 , 146 : 179, 51
85 , 152 : 141
86 , 2 : 87
86 , 21 : 128, 56
86 , 22 : 140, 76
86 , 25 : 124
86 , 41 : 8
86 , 82 : 132, 194
86 , 83 : 36, 115
86 , 93 : 56, 89
86 , 114 : 161, 11
86 , 146 : 80
86 , 179 : 47, 59
86 , 184 : 111
86 , 194 : 15, 196
87 , 53 : 98, 5
87 , 95 : 80, 7
87 , 113 : 37, 171
87 , 128 : 2
87 , 138 : 26, 4
87 , 149 : 15
87 , 162 : 31, 161
88 , 24 : 45, 86
88 , 41 : 13, 138
88 , 53 : 125, 149
88 , 82 : 170
88 , 98 : 132, 105
88 , 110 : 126, 95
88 , 129 : 146
88 , 156 : 182, 76
88 , 171 : 21
88 , 184 : 164, 84
88 , 185 : 128
89 , 8 : 69
89 , 42 : 68, 124
89 , 66 : 109, 97
89 , 117 : 124, 93
89 , 156 : 108, 6
89 , 197 : 160
89 , 198 : 11, 50
90 , 27 : 99
90 , 35 : 145, 85
90 , 37 : 99
90 , 71 : 182, 194
90 , 140 : 65, 101
90 , 154 : 144, 191
90 , 179 : 76, 98
90 , 194 : 100, 138
91 , 16 : 195, 178
91 , 17 : 106
91 , 92 : 64, 126
91 , 146 : 65
91 , 158 : 171, 177
92 , 19 : 187, 42
92 , 35 : 145, 155
92 , 47 : 168
92 , 63 : 112, 89
92 , 88 : 17
92 , 125 : 4, 82
92 , 130 : 170
92 , 139 : 4
92 , 150 : 148
92 , 192 : 28
92 , 194 : 67
93 , 16 : 32, 27
93 , 50 : 89
93 , 66 : 170
93 , 110 : 167, 170
93 , 134 : 176
93 , 145 : 96, 143
93 , 169 : 188, 57
93 , 177 : 56, 192
94 , 4 : 86
94 , 31 : 166
94 , 95 : 56
94 , 105 : 50
94 , 117 : 134
94 , 148 : 91
94 , 157 : 1
94 , 169 : 108
94 , 184 : 129, 114
94 , 196 : 168
95 , 14 : 23, 20
95 , 21 : 183
95 , 41 : 7, 179
95 , 58 : 28
95 , 65 : 75
95 , 112 : 122
95 , 142 : 171
95 , 143 : 184, 122
95 , 175 : 87, 93
95 , 178 : 142
96 , 33 : 117
96 , 50 : 45
96 , 60 : 85, 189
96 , 80 : 98
96 , 116 : 88, 9
96 , 137 : 114
96 , 175 : 112, 186
96 , 177 : 129
97 , 28 : 31
97 , 52 : 152, 151
97 , 57 : 26
97 , 125 : 65, 83
97 , 142 : 67
97 , 149 : 114
97 , 162 : 26, 23
97 , 168 : 39
98 , 7 : 65
98 , 20 : 2, 93
98 , 26 : 25
98 , 39 : 55, 117
98 , 59 : 51
98 , 86 : 180, 51
98 , 88 : 126
98 , 136 : 186
99 , 7 : 165
99 , 35 : 33, 42
99 , 44 : 74
99 , 71 : 120, 150
99 , 100 : 104
99 , 112 : 199
99 , 121 : 107, 164
99 , 131 : 79, 65
99 , 142 : 176, 106
99 , 159 : 23
99 , 172 : 86
99 , 191 : 131, 90
100 , 32 : 133, 68
100 , 43 : 178
100 , 49 : 56
100 , 67 : 156
100 , 83 : 172
100 , 96 : 167, 152
100 , 98 : 183
100 , 138 : 174
100 , 164 : 194
101 , 19 : 102, 153
101 , 21 : 67, 109
101 , 55 : 1, 38
101 , 89 : 198, 46
101 , 121 : 130, 79
101 , 126 : 114, 15
101 , 142 : 48
101 , 147 : 109
101 , 165 : 56
101 , 170 : 175, 32
101 , 186 : 1
101 , 191 : 10, 74
101 , 196 : 13, 85
102 , 10 : 163, 196
102 , 15 : 128
102 , 32 : 131
102 , 48 : 171
102 , 61 : 124
102 , 119 : 10, 31
102 , 141 : 43
102 , 165 : 144, 15
102 , 193 : 171, 144
102 , 194 : 61
102 , 197 : 41, 151
103 , 0 : 87, 154
103 , 4 : 12, 198
103 , 9 : 40
103 , 11 : 87
103 , 12 : 143, 84
103 , 22 : 153, 126
103 , 41 : 5
103 , 47 : 26
103 , 95 : 141
103 , 107 : 136
103 , 124 : 54
103 , 192 : 179, 157
104 , 17 : 136
104 , 50 : 74, 4
104 , 51 : 79
104 , 94 : 27, 84
104 , 117 : 66, 85
104 , 141 : 199, 174
104 , 148 : 172
104 , 152 : 94, 181
104 , 167 : 159, 36
104 , 176 : 117
104 , 187 : 37, 1
104 , 189 : 57, 114
104 , 192 : 176
104 , 196 : 68
105 , 4 : 150, 186
105 , 24 : 25, 159
105 , 31 : 21, 45
105 , 36 : 192, 25
105 , 93 : 131
105 , 95 : 175, 101
105 , 110 : 151
105 , 122 : 58
105 , 156 : 74
105 , 165 : 185
106 , 27 : 67, 103
106 , 67 : 115
106 , 75 : 0
106 , 76 : 139, 41
106 , 88 : 1
106 , 95 : 133, 148
106 , 105 : 177, 11
106 , 152 : 0, 189
106 , 177 : 194, 135
106 , 196 : 6, 108
107 , 40 : 118, 3
107 , 49 : 65
107 , 77 : 8, 70
107 , 105 : 87
107 , 124 : 31
107 , 131 : 85
107 , 159 : 13
107 , 160 : 74, 84
107 , 183 : 74
107 , 189 : 144, 162
108 , 12 : 78
108 , 70 : 10
108 , 75 : 163, 66
108 , 77 : 93
108 , 98 : 157
108 , 117 : 139, 42
108 , 118 : 107
108 , 153 : 83
108 , 168 : 124
109 , 2 : 142, 168
109 , 34 : 51, 167
109 , 37 : 41
109 , 39 : 20
109 , 87 : 171
109 , 101 : 125, 99
109 , 110 : 167, 85
109 , 117 : 56, 2
109 , 158 : 188
109 , 193 : 115
110 , 9 : 100
110 , 26 : 179, 40
110 , 37 : 84, 141
110 , 65 : 174, 187
110 , 69 : 179, 177
110 , 76 : 146, 118
110 , 92 : 139, 99
110 , 127 : 47
110 , 139 : 20, 196
110 , 160 : 163
111 , 18 : 82
111 , 38 : 195
111 , 60 : 133
111 , 63 : 154
111 , 64 : 62, 113
111 , 114 : 61, 141
111 , 129 : 119, 161
111 , 139 : 184, 187
111 , 169 : 193
111 , 173 : 163
112 , 3 : 17
112 , 14 : 175, 167
112 , 20 : 2, 181
112 , 22 : 53, 97
112 , 36 : 114
112 , 46 : 16, 176
112 , 48 : 148, 139
112 , 71 : 83
112 , 91 : 7, 98
112 , 93 : 74
112 , 111 : 5
112 , 114 : 10, 107
113 , 27 : 98
113 , 70 : 121
113 , 132 : 89
113 , 143 : 130, 58
113 , 151 : 144
113 , 187 : 107
113 , 197 : 160
113 , 199 : 149
114 , 36 : 100
114 , 44 : 161, 149
114 , 48 : 36, 138
114 , 56 : 17
114 , 70 : 20
114 , 77 : 171
114 , 87 : 49
114 , 133 : 148, 97
114 , 145 : 103, 85
114 , 150 : 20, 165
114 , 152 : 167
114 , 168 : 94
115 , 3 : 150
115 , 22 : 92, 188
115 , 31 : 69, 124
115 , 46 : 89, 65
115 , 55 : 95
115 , 91 : 32
115 , 104 : 54, 119
115 , 130 : 35
115 , 134 : 162
115 , 149 : 36, 174
115 , 193 : 64
115 , 195 : 196, 121
116 , 20 : 168
116 , 26 : 106
116 , 50 : 152
116 , 53 : 189
116 , 72 : 29
116 , 96 : 82
116 , 135 : 156
116 , 161 : 106
116 , 162 : 173
116 , 169 : 168
116 , 198 : 56, 76
117 , 8 : 31, 162
117 , 10 : 161, 141
117 , 18 : 51
117 , 29 : 160
117 , 56 : 39, 197
117 , 64 : 22
117 , 75 : 62
117 , 101 : 108
117 , 135 : 111
117 , 148 : 13
117 , 171 : 88, 147
117 , 172 : 4, 108
118 , 12 : 55
118 , 55 : 83, 33
118 , 65 : 71
118 , 78 : 44, 72
118 , 89 : 97
118 , 92 : 85, 77
118 , 102 : 80
118 , 106 : 31, 101
118 , 114 : 135
118 , 119 : 120, 45
118 , 142 : 104
118 , 162 : 103
118 , 196 : 163, 93
119 , 40 : 35, 184
119 , 55 : 168
119 , 65 : 85
119 , 83 : 80
119 , 89 : 130
119 , 101 : 182, 149
119 , 113 : 34
119 , 133 : 27
119 , 172 : 73
120 , 5 : 157
120 , 18 : 54
120 , 21 : 31, 151
120 , 39 : 128
120 , 40 : 7
120 , 45 : 70, 53
120 , 59 : 13
120 , 80 : 151
120 , 159 : 5
120 , 179 : 118, 10
121 , 20 : 98
121 , 78 : 118
121 , 99 : 192
121 , 115 : 69
121 , 131 : 33
121 , 142 : 101
122 , 16 : 83, 89
122 , 23 : 118
122 , 37 : 58
122 , 47 : 3, 184
122 , 104 : 71, 176
122 , 140 : 95
122 , 180 : 117, 45
122 , 181 : 24
122 , 184 : 95, 188
122 , 188 : 9, 144
122 , 195 : 33, 29
123 , 52 : 98, 34
123 , 60 : 17, 171
123 , 65 : 162, 148
123 , 66 : 27, 71
123 , 73 : 113, 154
123 , 78 : 133
123 , 94 : 180
123 , 113 : 126
123 , 126 : 53
123 , 154 : 90, 156
124 , 19 : 83, 97
124 , 30 : 195
124 , 89 : 88
124 , 97 : 183, 188
124 , 98 : 62, 133
124 , 100 : 48, 14
124 , 104 : 32, 133
124 , 106 : 47, 161
124 , 109 : 29
124 , 117 : 184, 20
124 , 154 : 25, 152
124 , 163 : 95, 104
124 , 173 : 8
124 , 188 : 58
125 , 32 : 17, 36
125 , 38 : 102
125 , 57 : 67, 88
125 , 75 : 110
125 , 84 : 185
125 , 100 : 101
125 , 107 : 20, 52
125 , 146 : 30, 70
125 , 157 : 3, 10
125 , 170 : 87, 84
125 , 185 : 190
126 , 3 : 19
126 , 12 : 100, 6
126 , 18 : 183, 135
126 , 88 : 115, 47
126 , 94 : 4, 122
126 , 139 : 156, 134
126 , 144 : 59, 103
126 , 152 : 82, 77
126 , 159 : 64
126 , 174 : 111, 118
126 , 175 : 146, 187
126 , 183 : 23, 159
126 , 188 : 61, 152
126 , 193 : 64, 1
127 , 3 : 192, 59
127 , 5 : 74
127 , 17 : 142, 144
127 , 32 : 141, 160
127 , 94 : 179, 108
127 , 97 : 12
127 , 126 : 125, 62
127 , 181 : 63
127 , 194 : 117
128 , 0 : 75
128 , 21 : 194, 164
128 , 23 : 92, 159
128 , 65 : 197
128 , 71 : 123
128 , 72 : 38
128 , 129 : 7
128 , 159 : 0, 36
128 , 182 : 162
129 , 42 : 53, 110
129 , 55 : 38, 182
129 , 81 : 35, 49
129 , 116 : 93, 24
129 , 140 : 41, 188
129 , 152 : 34, 153
129 , 162 : 152, 193
129 , 174 : 91
129 , 183 : 17, 148
129 , 189 : 85, 78
130 , 2 : 153, 20
130 , 4 : 139, 53
130 , 6 : 150
130 , 29 : 125
130 , 84 : 199, 18
130 , 91 : 174, 27
130 , 99 : 28
130 , 145 : 153, 173
130 , 163 : 63
131 , 40 : 7
131 , 49 : 110
131 , 68 : 75, 48
131 , 82 : 154
131 , 107 : 109
131 , 119 : 89, 13
131 , 142 : 181
131 , 170 : 36, 39
131 , 179 : 176, 34
131 , 196 : 39
132 , 53 : 141, 133
132 , 60 : 84
132 , 70 : 62, 189
132 , 74 : 84
132 , 84 : 3
132 , 102 : 155
132 , 107 : 126
132 , 111 : 178
132 , 115 : 34
132 , 143 : 52
132 , 154 : 0
132 , 177 : 55, 0
133 , 67 : 59, 2
133 , 93 : 76, 106
133 , 96 : 4, 46
133 , 110 : 199, 147
133 , 113 : 137, 16
133 , 116 : 102
133 , 121 : 187, 158
133 , 125 : 180, 71
133 , 137 : 185, 87
133 , 188 : 152
134 , 30 : 118, 96
134 , 47 : 116
134 , 50 : 114
134 , 106 : 168, 72
134 , 123 : 44, 104
134 , 155 : 125, 67
134 , 158 : 30, 1
135 , 15 : 185, 30
135 , 32 : 59, 164
135 , 37 : 114
135 , 71 : 105, 159
135 , 83 : 78, 138
135 , 84 : 141
135 , 114 : 103
135 , 148 : 77
135 , 163 : 60
135 , 171 : 113, 170
135 , 177 : 113, 175
135 , 187 : 44
135 , 192 : 115
136 , 26 : 103, 6
136 , 42 : 124, 97
136 , 57 : 24
136 , 59 : 134
136 , 67 : 105, 101
136 , 72 : 6, 28
136 , 106 : 53
136 , 144 : 188
136 , 149 : 170
136 , 172 : 166
137 , 7 : 178, 134
137 , 28 : 67, 155
137 , 54 : 174, 87
137 , 68 : 72
137 , 91 : 73, 115
137 , 94 : 100
137 , 99 : 143, 164
137 , 115 : 94
137 , 143 : 157
137 , 171 : 20, 30
137 , 185 : 9
138 , 0 : 16, 44
138 , 11 : 14
138 , 21 : 127
138 , 32 : 23, 179
138 , 97 : 186
138 , 111 : 3, 83
138 , 125 : 4, 97
138 , 126 : 44, 24
138 , 133 : 179
138 , 147 : 42
138 , 169 : 89
138 , 175 : 57
138 , 199 : 65
139 , 0 : 161, 83
139 , 6 : 8, 144
139 , 7 : 134
139 , 11 : 81, 128
139 , 18 : 81, 158
139 , 25 : 59
139 , 43 : 87, 138
139 , 70 : 17
139 , 105 : 74
139 , 106 : 118
139 , 128 : 163, 167
139 , 135 : 77, 89
139 , 151 : 161
139 , 193 : 14, 20
140 , 4 : 154, 157
140 , 46 : 95, 0
140 , 96 : 35
140 , 119 : 67, 2
140 , 124 : 199, 66
140 , 125 : 75
140 , 133 : 34
140 , 149 : 82
140 , 152 : 156
141 , 18 : 8
141 , 24 : 75
141 , 26 : 47, 100
141 , 73 : 153
141 , 90 : 157
141 , 97 : 167
141 , 105 : 90, 91
141 , 116 : 180
141 , 150 : 149
141 , 191 : 68, 136
142 , 10 : 159, 178
142 , 45 : 149
142 , 100 : 184
142 , 109 : 86
142 , 140 : 92
142 , 149 : 39
142 , 152 : 10
142 , 174 : 182
142 , 182 : 130
142 , 191 : 137
143 , 10 : 11
143 , 11 : 14
143 , 28 : 136, 104
143 , 74 : 87
143 , 76 : 191
143 , 92 : 165
143 , 115 : 199, 73
143 , 124 : 32
143 , 140 : 58, 175
144 , 4 : 179
144 , 22 : 167, 73
144 , 26 : 33, 4
144 , 51 : 124, 105
144 , 64 : 44
144 , 65 : 7, 190
144 , 96 : 71, 121
144 , 97 : 181
144 , 114 : 128, 53
144 , 119 : 179
144 , 121 : 168
144 , 178 : 40, 129
145 , 8 : 122, 36
145 , 77 : 132
145 , 122 : 170, 148
145 , 129 : 133, 185
145 , 146 : 135, 133
145 , 157 : 35
145 , 178 : 69
145 , 180 : 198
146 , 12 : 187
146 , 28 : 81
146 , 39 : 42, 135
146 , 45 : 1, 4
146 , 61 : 4, 47
146 , 67 : 160, 19
146 , 107 : 134, 151
146 , 120 : 68, 29
146 , 129 : 128
146 , 153 : 76
146 , 162 : 53, 116
147 , 18 : 30
147 , 23 : 162, 137
147 , 69 : 171
147 , 79 : 5
147 , 91 : 187, 48
147 , 99 : 6, 165
147 , 107 : 115, 55
147 , 136 : 160, 16
147 , 163 : 84
147 , 167 : 101, 153
148 , 29 : 198, 22
148 , 31 : 139
148 , 42 : 129, 5
148 , 46 : 195
148 , 66 : 82
148 , 80 : 199, 134
148 , 94 : 196
148 , 101 : 31
148 , 117 : 25, 24
148 , 124 : 170
148 , 131 : 140, 183
149 , 2 : 158, 83
149 , 13 : 125, 145
149 , 26 : 158, 45
149 , 64 : 45
149 , 73 : 157, 27
149 , 87 : 35
149 , 102 : 193, 95
149 , 105 : 61
149 , 126 : 15, 100
149 , 175 : 67
149 , 178 : 78, 101
149 , 183 : 105, 100
149 , 185 : 115
150 , 1 : 159
150 , 68 : 193
150 , 73 : 125
150 , 88 : 70, 133
150 , 115 : 162, 135
150 , 132 : 176
150 , 155 : 90
150 , 185 : 71, 94
150 , 194 : 21, 98
151 , 0 : 101, 64
151 , 27 : 136, 185
151 , 68 : 14, 175
151 , 125 : 167, 192
151 , 140 : 142, 114
151 , 164 : 172
151 , 173 : 28, 87
151 , 174 : 128
151 , 182 : 58
151 , 187 : 181
152 , 9 : 66
152 , 26 : 18
152 , 32 : 139
152 , 59 : 33
152 , 79 : 191, 170
152 , 91 : 180, 140
152 , 94 : 12
152 , 112 : 138
152 , 123 : 136
152 , 151 : 156, 176
152 , 169 : 129, 166
152 , 173 : 4, 134
153 , 9 : 137, 145
153 , 51 : 154
153 , 53 : 136, 192
153 , 83 : 182
153 , 86 : 171
153 , 89 : 12
153 , 100 : 105, 71
153 , 167 : 114
153 , 178 : 51, 108
153 , 189 : 93, 192
153 , 197 : 29, 26
154 , 8 : 61, 150
154 , 101 : 186, 178
154 , 127 : 5
154 , 133 : 24, 138
154 , 175 : 158
155 , 53 : 184, 58
155 , 58 : 11, 0
155 , 81 : 158, 73
155 , 101 : 52, 185
155 , 113 : 154, 124
155 , 118 : 194, 105
155 , 122 : 143
155 , 153 : 102
155 , 166 : 163
155 , 178 : 169, 165
155 , 191 : 104, 41
156 , 12 : 98
156 , 34 : 199
156 , 49 : 43, 129
156 , 50 : 23, 43
156 , 54 : 89
156 , 62 : 48, 189
156 , 99 : 158, 90
156 , 140 : 33
156 , 147 : 70, 172
156 , 179 : 112
156 , 191 : 76, 126
157 , 34 : 185
157 , 44 : 6, 160
157 , 49 : 121, 126
157 , 63 : 188, 193
157 , 82 : 43, 148
157 , 138 : 124, 127
157 , 139 : 171
157 , 178 : 68
158 , 33 : 127
158 , 41 : 33, 130
158 , 81 : 186, 140
158 , 90 : 114, 104
158 , 97 : 164, 178
158 , 123 : 147, 81
158 , 157 : 36
158 , 161 : 153, 85
158 , 181 : 113
159 , 17 : 85, 140
159 , 28 : 61, 149
159 , 30 : 64
159 , 85 : 78, 90
159 , 113 : 79, 52
159 , 123 : 134
159 , 145 : 199, 196
159 , 150 : 99, 86
159 , 160 : 155
159 , 168 : 17
159 , 176 : 7, 49
160 , 1 : 70
160 , 16 : 105
160 , 18 : 157
160 , 25 : 192, 153
160 , 46 : 98
160 , 79 : 1, 80
160 , 114 : 34, 21
160 , 136 : 193, 57
161 , 0 : 128
161 , 11 : 173
161 , 21 : 88, 179
161 , 39 : 41, 149
161 , 75 : 22
161 , 76 : 17
161 , 106 : 88, 184
161 , 135 : 68
161 , 136 : 9, 46
161 , 151 : 150, 88
161 , 188 : 18, 144
162 , 2 : 0, 198
162 , 87 : 177
162 , 97 : 106
162 , 100 : 78, 145
162 , 103 : 156
162 , 114 : 158
162 , 134 : 197, 23
162 , 184 : 35, 198
162 , 188 : 135
162 , 194 : 52
163 , 9 : 98, 73
163 , 26 : 119, 175
163 , 72 : 149
163 , 137 : 186, 118
163 , 139 : 11, 171
163 , 162 : 129, 155
163 , 166 : 88
164 , 18 : 130
164 , 31 : 21, 146
164 , 52 : 180, 67
164 , 78 : 85
164 , 90 : 40, 94
164 , 108 : 163, 60
164 , 127 : 60, 165
164 , 169 : 167, 40
164 , 178 : 162, 110
165 , 9 : 119
165 , 33 : 173, 48
165 , 56 : 145, 190
165 , 119 : 177
165 , 136 : 65
165 , 141 : 5, 187
165 , 168 : 0, 191
165 , 176 : 39
165 , 179 : 128
165 , 180 : 120
165 , 196 : 18, 146
166 , 11 : 171
166 , 40 : 76, 56
166 , 58 : 174, 169
166 , 66 : 197
166 , 85 : 184
166 , 108 : 8
166 , 158 : 161
166 , 173 : 146, 194
166 , 189 : 47
167 , 25 : 16
167 , 46 : 117, 148
167 , 118 : 137, 54
167 , 127 : 15
167 , 135 : 110, 95
167 , 142 : 3, 154
167 , 150 : 68
167 , 155 : 128, 7
167 , 159 : 128, 132
167 , 164 : 146, 4
168 , 3 : 118, 30
168 , 4 : 75, 36
168 , 22 : 152
168 , 66 : 185, 119
168 , 69 : 65, 104
168 , 91 : 82
168 , 110 : 47
168 , 131 : 39, 104
168 , 134 : 185
168 , 169 : 54
168 , 173 : 97, 163
168 , 175 : 15
168 , 193 : 106
169 , 9 : 70, 102
169 , 13 : 67
169 , 15 : 150
169 , 43 : 190
169 , 56 : 58, 3
169 , 67 : 182
169 , 76 : 36
169 , 85 : 92, 61
169 , 123 : 149, 25
169 , 138 : 148, 197
169 , 147 : 82, 137
169 , 174 : 166, 53
169 , 176 : 121, 110
169 , 190 : 128
170 , 4 : 47, 75
170 , 29 : 139, 154
170 , 41 : 108, 51
170 , 59 : 96, 161
170 , 65 : 101
170 , 66 : 113
170 , 81 : 34
170 , 91 : 12
170 , 93 : 77, 11
170 , 110 : 136, 189
170 , 125 : 89, 44
170 , 152 : 19, 177
170 , 159 : 107, 172
171 , 6 : 154, 185
171 , 60 : 22, 52
171 , 91 : 128, 193
171 , 94 : 121, 159
171 , 99 : 28
171 , 111 : 191
171 , 140 : 135
171 , 174 : 179
171 , 186 : 188
171 , 199 : 168, 70
172 , 17 : 41, 95
172 , 23 : 141, 199
172 , 37 : 166
172 , 40 : 142
172 , 68 : 99, 83
172 , 77 : 90, 48
172 , 82 : 72
172 , 137 : 152
172 , 138 : 46, 112
173 , 14 : 68
173 , 28 : 163
173 , 39 : 51
173 , 58 : 62
173 , 79 : 37, 131
173 , 83 : 22, 125
173 , 112 : 77
173 , 132 : 191
173 , 133 : 124, 30
173 , 137 : 98, 18
173 , 169 : 178, 115
173 , 183 : 189, 195
174 , 5 : 127, 172
174 , 11 : 85, 194
174 , 71 : 193
174 , 82 : 77
174 , 90 : 40, 158
174 , 98 : 14
174 , 184 : 12, 26
174 , 193 : 128
174 , 195 : 24, 149
175 , 1 : 77, 92
175 , 6 : 74
175 , 43 : 56, 52
175 , 81 : 117, 88
175 , 106 : 184, 113
175 , 114 : 168, 195
175 , 125 : 180, 61
175 , 148 : 194, 149
175 , 172 : 56
175 , 188 : 186
175 , 194 : 36, 88
175 , 197 : 118
176 , 10 : 47, 170
176 , 20 : 167
176 , 29 : 145, 141
176 , 89 : 7, 102
176 , 111 : 117, 5
176 , 119 : 143, 35
176 , 159 : 175
176 , 166 : 69, 51
176 , 172 : 142, 95
176 , 193 : 147
177 , 72 : 11
177 , 86 : 63, 143
177 , 89 : 45
177 , 147 : 122
177 , 153 : 42, 23
177 , 161 : 67
177 , 172 : 114, 104
177 , 180 : 119
178 , 9 : 15
178 , 21 : 72, 39
178 , 57 : 103
178 , 77 : 79, 60
178 , 79 : 47
178 , 84 : 46, 74
178 , 85 : 193
178 , 145 : 191, 6
178 , 167 : 120
179 , 9 : 11
179 , 25 : 152
179 , 36 : 146
179 , 89 : 29
179 , 111 : 61
179 , 129 : 86
180 , 43 : 129
180 , 44 : 188, 79
180 , 49 : 89, 85
180 , 53 : 41
180 , 62 : 106
180 , 165 : 160
180 , 170 : 154, 129
180 , 197 : 51, 143
181 , 29 : 76
181 , 47 : 154, 52
181 , 81 : 160, 130
181 , 91 : 162, 60
181 , 102 : 128, 85
181 , 117 : 100
181 , 122 : 125, 38
181 , 145 : 104
181 , 170 : 137, 142
181 , 178 : 152
181 , 183 : 5
181 , 185 : 13, 183
182 , 27 : 56, 117
182 , 48 : 162
182 , 68 : 91, 34
182 , 73 : 175
182 , 81 : 164, 195
182 , 82 : 92
182 , 101 : 180, 56
182 , 103 : 109, 60
182 , 133 : 27, 101
182 , 162 : 65, 89
182 , 188 : 77, 12
183 , 5 : 127
183 , 42 : 144, 159
183 , 62 : 63
183 , 126 : 190
183 , 139 : 146
183 , 164 : 77
183 , 174 : 15, 179
183 , 181 : 33, 170
184 , 28 : 111, 16
184 , 34 : 37, 24
184 , 37 : 166
184 , 56 : 31
184 , 72 : 113, 85
184 , 102 : 17, 58
184 , 111 : 106, 119
184 , 120 : 86, 125
184 , 190 : 197
185 , 12 : 141
185 , 27 : 130
185 , 39 : 117
185 , 62 : 8
185 , 95 : 91, 141
185 , 109 : 49
185 , 116 : 76, 130
185 , 156 : 177, 167
185 , 171 : 37, 95
185 , 181 : 94
186 , 31 : 70, 184
186 , 58 : 190
186 , 78 : 32
186 , 91 : 132
186 , 142 : 138, 48
186 , 146 : 197, 143
186 , 190 : 130, 193
186 , 192 : 3, 59
186 , 195 : 36
186 , 197 : 148, 174
187 , 22 : 185
187 , 42 : 8
187 , 50 : 160, 71
187 , 112 : 39, 26
187 , 129 : 175
187 , 140 : 27
187 , 165 : 124, 22
187 , 182 : 39
188 , 38 : 2, 194
188 , 72 : 135
188 , 74 : 139
188 , 88 : 8
188 , 107 : 30
188 , 144 : 10
188 , 147 : 139, 105
188 , 175 : 164, 118
188 , 182 : 83, 138
188 , 187 : 112
189 , 0 : 37, 79
189 , 17 : 23
189 , 67 : 49, 25
189 , 125 : 149
189 , 138 : 117
189 , 155 : 157
189 , 168 : 5, 120
189 , 185 : 52, 187
189 , 199 : 80
190 , 7 : 62, 92
190 , 44 : 100, 178
190 , 59 : 158
190 , 87 : 30, 168
190 , 92 : 146, 20
190 , 104 : 28
190 , 106 : 113
190 , 123 : 97, 134
190 , 128 : 52, 187
190 , 140 : 19
190 , 155 : 59, 152
190 , 182 : 179, 28
191 , 11 : 171, 106
191 , 60 : 132
191 , 62 : 92, 120
191 , 86 : 15
191 , 115 : 21
191 , 121 : 70
191 , 128 : 164
191 , 144 : 149, 108
191 , 145 : 176, 2
191 , 158 : 123, 100
191 , 197 : 25, 138
192 , 12 : 179, 163
192 , 16 : 21
192 , 61 : 57
192 , 74 : 10
192 , 113 : 103
192 , 127 : 183
192 , 170 : 4
192 , 176 : 40
192 , 179 : 13, 129
192 , 186 : 49, 74
192 , 189 : 11
193 , 43 : 64
193 , 61 : 194
193 , 87 : 125
193 , 110 : 114
193 , 131 : 111
193 , 151 : 119
193 , 172 : 48, 31
193 , 186 : 33, 45
193 , 194 : 21, 52
194 , 11 : 5
194 , 13 : 10
194 , 22 : 143
194 , 47 : 82
194 , 53 : 195
194 , 103 : 185
194 , 117 : 59, 143
194 , 157 : 101, 48
194 , 165 : 176, 81
194 , 183 : 150, 48
194 , 189 : 107, 10
195 , 5 : 161, 102
195 , 35 : 73, 0
195 , 67 : 97
195 , 78 : 110, 167
195 , 84 : 60
195 , 93 : 180
195 , 96 : 137, 134
195 , 115 : 191, 30
195 , 119 : 100
195 , 189 : 108, 87
196 , 3 : 181, 71
196 , 34 : 41, 60
196 , 80 : 179, 133
196 , 94 : 50
196 , 126 : 52, 99
196 , 133 : 120, 125
196 , 137 : 183, 68
196 , 180 : 138, 10
197 , 3 : 195, 199
197 , 29 : 81
197 , 36 : 32, 136
197 , 67 : 129
197 , 119 : 163
197 , 135 : 180
197 , 144 : 41, 143
198 , 17 : 166
198 , 20 : 43, 164
198 , 22 : 148
198 , 24 : 199, 133
198 , 47 : 113, 67
198 , 114 : 12, 166
198 , 137 : 30, 89
198 , 144 : 150, 107
198 , 155 : 133, 197
198 , 164 : 1, 109
198 , 167 : 151
198 , 173 : 39, 161
199 , 0 : 85, 189
199 , 9 : 24
199 , 30 : 49, 153
199 , 62 : 192, 129
199 , 83 : 71
199 , 85 : 6, 111
199 , 120 : 61
199 , 125 : 19
199 , 177 : 102, 24
